1111
1
1
1.0
111
1
1
1.0
11
1
1
1.0
1111111
1
1
1.0
1111
1
1
1.0
11111
1
1
1.0
1111
1
1
1.0
1111
1
1
1.0
1
1
1
1.0
111111
1
1
1.0
1111111111
1
1
1.0
11111111
1
1
1.0
1111
1
1
1.0
111111111
1
1
1.0
1
1
1
1.0
111
1
1
1.0
111
1
1
1.0
1111
1
1
1.0
11
1
1
1.0
1
1
1
1.0
11111111
1
1
1.0
111111
1
1
1.0
1111
1
1
1.0
111
1
1
1.0
1111
1
1
1.0
11111111
1
1
1.0
111111111
1
1
1.0
111111
1
1
1.0
11111
1
1
1.0
111111
1
1
1.0

Waiting list
0: 66666666666666 6
Vehicle number :6, Number of liters ordered :6
1: 66666666666666 6
Vehicle number :6, Number of liters ordered :6
2: 66666666666666 6
Vehicle number :6, Number of liters ordered :6
3: 66666666666666 6
Vehicle number :6, Number of liters ordered :6
